# Mote ID
10
# Samples: accel(x,y,z), magnetometer(x,y,z), temperature
2360.85, 2494.29, 3313.71, -425.45, -109.50, -615.90, 1723.17
2359.51, 2494.71, 3313.44, -422.85, -107.80, -614.65, 1723.13
2347.41, 2528.35, 1106.23, -403.00, -217.65, 418.50, 1723.04
2344.90, 2527.02, 1108.21, -403.15, -218.80, 416.60, 1722.94
2906.24, 2633.69, 1295.96, -653.00, -211.65, 226.95, 1722.76
2906.18, 2632.72, 1297.11, -653.10, -213.50, 226.10, 1722.71
1698.23, 2572.83, 3178.39, 318.70, -212.15, -472.35, 1722.53
1698.60, 2572.32, 3178.44, 318.50, -211.50, -471.70, 1722.43
2910.73, 2411.26, 3128.94, -657.55, -101.55, -421.20, 1722.07
2910.31, 2410.56, 3128.89, -657.50, -101.95, -422.70, 1722.19
2203.22, 3190.34, 3128.05, 102.90, -550.40, -487.05, 1721.86
2204.07, 3187.98, 3126.89, 103.20, -550.40, -487.45, 1721.75
2176.69, 1832.78, 1303.50, 123.60, 221.80, 275.05, 1721.61
2174.26, 1834.53, 1304.31, 124.20, 221.50, 273.85, 1721.73
2326.26, 3303.54, 1390.57, -406.10, -571.60, 257.40, 1721.43
2323.79, 3305.88, 1391.99, -407.55, -573.70, 256.90, 1721.36
1607.73, 2592.66, 1278.52, 223.95, -407.50, 299.05, 1721.06
1608.39, 2591.76, 1278.13, 224.65, -408.55, 299.65, 1721.06
2957.08, 2558.31, 3104.76, -541.15, -412.50, -485.75, 1720.72
2957.66, 2557.39, 3105.20, -542.80, -410.75, -484.30, 1720.69
2359.86, 1328.80, 2212.70, -414.05, 386.20, -28.50, 1720.06
2358.55, 1328.26, 2210.78, -414.60, 385.70, -28.45, 1719.93
2341.38, 3699.83, 2318.58, -412.40, -706.40, -204.65, 1719.29
2341.90, 3700.61, 2318.52, -410.40, -707.05, -204.90, 1719.23
1069.87, 2566.18, 2239.44, 412.50, -409.75, -185.95, 1718.69
1070.55, 2565.95, 2237.63, 413.75, -409.55, -184.05, 1718.26
3431.52, 2578.80, 2196.20, -714.60, -400.40, -14.50, 1717.26
3431.81, 2580.25, 2198.30, -712.80, -398.60, -13.35, 1717.13
2307.71, 2597.30, 1106.67, -109.85, -408.55, 428.30, 1716.08
2307.40, 2595.84, 1108.70, -109.75, -407.65, 426.65, 1716.03
2293.42, 2557.98, 3316.47, -223.10, -420.60, -624.20, 1714.96
2294.18, 2557.80, 3315.22, -223.65, -421.00, -623.60, 1714.46

